Demand
4
5
11
9
16
17
10
17
17
7
15
13
14
10
9
14
10
10
8
17
10
11
9
12
17
15
10
14
5
15
3
4
16
9
15
5
9
10
10
12
17
14
6
7
10
4
15
13
10
6
15
8
18
16
12
11
3
14
9
13
7
9
17
13
4
12
14
5
17
9
18
9
16
4
16
4
17
18
5
9
14
7
14
4
18
12
16
15
14
15
16
1800
17
9
10
14
11
12
18
5
12
12
7
18
5
17
10
15
4
7
8
8
4
13
17
16
10
8
4
12
18
10
6
17
18
4
7
11
7
8
16
12
14
7
9
16
5
17
5
11
12
12
6
4
17
12
10
14
7
8
7
9
13
7
9
3
4
14
6
14
16
16
7
16
5
17
11
11
8
15
11
15
12
16
9
8
14
13
6
13
16
5
14
4
10
16
15
11
16
8
7
18
18
6
11
18
16
16
8
11
18
5
11
7
8
11
7
11
6
7
13
16
6
3
11
5
11
11
3
16
6
3
14
14
13
5
17
3
10
8
7
12
15
4
7
17
13
3
6
3
15
16
13
5
17
6
5
14
15
12
12
3
3
14
3
17
11
8
5
8
3
11
10
5
13
18
9
12
3
14
13
4
15
12
16
8
8
15
7
13
4
17
15
3
8
13
8
9
8
11
4
8
13
17
18
18
4
12
18
8
3
3
11
5
9
3
15
7
16
10
4
9
13
18
13
15
18
6
6
12
14
8
3
10
6
3
13
18
3
13
18
6
18
9
7
9
17
15
6
9
6
6
5
18
3
6
18
10
6
15
7
10
4
5
11
6
6
4
5
12
15
13
17
9
12
